24750126
3072124
1297009
21318488
26325320
1303408
1292778
2353023
1297127
1300299
11525673
1294438
1296339
1305487
1905462
1299932
1299204
1293698
6879185
3592859
1297531
1292881
1292925
1293783
3592854
1889053
1293396
1298248
6803494
1309016
3011091
25765735
1292472
1293150
1291585
1291822
1292216
1301216
1300056
3011235
25954475
1291548
1293841
1293824
1295742
1291579
1295684
1306449
10605729
25977027
2254631
1297280
1963326
10741643
1297602
1291990
3792848
1302770
1479526
1300656
1291557
1302061
1299513
1303556
7065154
1307914
1419005
1308892
1291583
